56
4
0 0.001000 0.001000 0.001000 0.997000
1 0.001000 0.001000 0.200200 0.797800
2 0.001000 0.001000 0.399400 0.598600
3 0.001000 0.001000 0.598600 0.399400
4 0.001000 0.001000 0.797800 0.200200
5 0.001000 0.001000 0.997000 0.001000
6 0.001000 0.200200 0.001000 0.797800
7 0.001000 0.200200 0.200200 0.598600
8 0.001000 0.200200 0.399400 0.399400
9 0.001000 0.200200 0.598600 0.200200
10 0.001000 0.200200 0.797800 0.001000
11 0.001000 0.399400 0.001000 0.598600
12 0.001000 0.399400 0.200200 0.399400
13 0.001000 0.399400 0.399400 0.200200
14 0.001000 0.399400 0.598600 0.001000
15 0.001000 0.598600 0.001000 0.399400
16 0.001000 0.598600 0.200200 0.200200
17 0.001000 0.598600 0.399400 0.001000
18 0.001000 0.797800 0.001000 0.200200
19 0.001000 0.797800 0.200200 0.001000
20 0.001000 0.997000 0.001000 0.001000
21 0.200200 0.001000 0.001000 0.797800
22 0.200200 0.001000 0.200200 0.598600
23 0.200200 0.001000 0.399400 0.399400
24 0.200200 0.001000 0.598600 0.200200
25 0.200200 0.001000 0.797800 0.001000
26 0.200200 0.200200 0.001000 0.598600
27 0.200200 0.200200 0.200200 0.399400
28 0.200200 0.200200 0.399400 0.200200
29 0.200200 0.200200 0.598600 0.001000
30 0.200200 0.399400 0.001000 0.399400
31 0.200200 0.399400 0.200200 0.200200
32 0.200200 0.399400 0.399400 0.001000
33 0.200200 0.598600 0.001000 0.200200
34 0.200200 0.598600 0.200200 0.001000
35 0.200200 0.797800 0.001000 0.001000
36 0.399400 0.001000 0.001000 0.598600
37 0.399400 0.001000 0.200200 0.399400
38 0.399400 0.001000 0.399400 0.200200
39 0.399400 0.001000 0.598600 0.001000
40 0.399400 0.200200 0.001000 0.399400
41 0.399400 0.200200 0.200200 0.200200
42 0.399400 0.200200 0.399400 0.001000
43 0.399400 0.399400 0.001000 0.200200
44 0.399400 0.399400 0.200200 0.001000
45 0.399400 0.598600 0.001000 0.001000
46 0.598600 0.001000 0.001000 0.399400
47 0.598600 0.001000 0.200200 0.200200
48 0.598600 0.001000 0.399400 0.001000
49 0.598600 0.200200 0.001000 0.200200
50 0.598600 0.200200 0.200200 0.001000
51 0.598600 0.399400 0.001000 0.001000
52 0.797800 0.001000 0.001000 0.200200
53 0.797800 0.001000 0.200200 0.001000
54 0.797800 0.200200 0.001000 0.001000
55 0.997000 0.001000 0.001000 0.001000
